{
    "obj_list":[
        {
            "name": "MainCamera",
            "type": "Camera",
            "path": "/AREngine/App/CameraConfigs/Camera_rsD415.json",
            "initTransform": [],
            "transform": []
        },
        {
            "name": "realObj1",
            "type": "RealObject",
            "path": "/data/norm_model/squirrel_demo_low.obj",
            "initTransform": [
                        [0.001, 0, 0, 0.0091343307],
                        [0, 0.001, 0, 0.004710125],
                        [0, 0, 0.001, 1.1053611],
                        [0, 0, 0, 1]
                    ],
            "transform": [
                        [-0.85165083, 0.39713106, -0.34202012, 0.015],
                        [0.011513352, -0.63824022, -0.76975113, -0.035],
                        [-0.52398312, -0.65949702, 0.53898555, 0.515],
                        [0, 0, 0, 1]
                    ]
        },
        {
            "name": "virtualObj1",
            "type": "VirtualObject",
            "path": "/data/norm_model/squirrel_demo_low.obj",
            "initTransform": [
                        [0.001, 0, 0, 0.0091343307],
                        [0, 0.001, 0, 0.004710125],
                        [0, 0, 0.001, 1.1053611],
                        [0, 0, 0, 1]
                    ],
            "transform": [
                [-0.85165083, 0.39713106, -0.34202012, 0.015],
                [0.011513352, -0.63824022, -0.76975113, -0.035],
                [-0.52398312, -0.65949702, 0.53898555, 0.515],
                [0, 0, 0, 1]
            ]
        },
        {
            "name": "virtualObj2",
            "type": "VirtualObject",
            "path": "/data/norm_model/squirrel_demo_low.obj",
            "initTransform": [
                        [0.001, 0, 0, 0.0091343307],
                        [0, 0.001, 0, 0.104710125],
                        [0, 0, 0.001, 1.1053611],
                        [0, 0, 0, 1]
                    ],
            "transform": [
                [-0.85165083, 0.39713106, -0.34202012, 0.015],
                [0.011513352, -0.63824022, -0.76975113, -0.035],
                [-0.52398312, -0.65949702, 0.53898555, 0.515],
                [0, 0, 0, 1]
            ]
        }
    ],
    "VFR": [
        ["realObj1", "virtualObj1"],
        ["realObj1", "virtualObj2"]
    ]
}